1000
0.43859327987983152486
0.42362966466853113981
0.42279016820514715003
0.43731669121271959607
0.23962478880607390963
0.42355575012797392877
0.22969697957453182678
0.45535081941878026012
0.44718664943906959245
0.45665352015528439203
0.23784928148559202255
0.40907194592841146486
0.43713502572599740415
0.41374307259486093388
0.24012965147101951190
0.22531456996804160450
0.38588310272541636803
0.39872790070279157804
0.44997887449903824325
0.43821351855818592203
0.41439591259834269120
0.40790349867308363992
0.23715196021450165055
0.41689755937246531615
0.23989425039874434553
0.38888299747596103247
0.40738573579794763599
0.44637147589451190528
0.40417933467983954541
0.42351809160091874419
0.23476626779961202123
0.38278862077579137166
0.44269105493395592644
0.38885307768132313112
0.23174739538500081856
0.42379944732984479129
0.40341988794753850684
0.41350047343913400852
0.42386636328451660457
0.43159783071230697926
0.40587125528418232964
0.45509728121260325932
0.43269139614306497375
0.45893659391883131116
0.39903614365532081323
0.45812153355628628662
0.41443730338531799046
0.40573706891642517353
0.38724417560726936616
0.23090280570547194749
0.23763538214729591316
0.23333349962935567363
0.19351231780150923905
0.43137632241358843640
0.42234761246542986958
0.23612557555031050074
0.40004736519093266159
0.23543691079464472234
0.38889158345489869843
0.43178567032098808074
0.44642034797193348779
0.44734167175439537340
0.42969803732682857676
0.44639613652414428133
0.23122683416340749675
0.23324480215894591485
0.40315496312235042637
0.41998180955281960112
0.45553331371685472741
0.23022816197432011140
0.23909386941058128042
0.46218625203895254052
0.38825387790685987182
0.40303323236610496142
0.23876357574843096160
0.41485780799082383894
0.38243958241189035947
0.46108761646275306007
0.43816615055464035929
0.23518667631067850362
0.44987596581315689664
0.22851218839739064783
0.45591344359876996648
0.45617334012760838585
0.22855496139692167191
0.22735854905892225689
0.46258080535888125830
0.39992551274255632514
0.41417994543208548641
0.39405106480841463771
0.23460248293779346571
0.23441156353036528821
0.22914618695412490058
0.39224135491936660779
0.45421112403803565291
0.44084013238926034105
0.41411800785598554026
0.23707144811630292971
0.19381229552400681878
0.43437293283021973308
0.43127560547038562740
0.39349389498185583511
0.44614997915977781215
0.42982838457024908821
0.44390474832414564558
0.38531780645060655175
0.43157498647489811458
0.40294970595187474827
0.38219413179099307804
0.38444350487052425083
0.39120363496131505161
0.23344948442769247128
0.23331833654721187712
0.41685618392054996648
0.23392685618599946309
0.23209286064557567902
0.22581915712741065441
0.38250546669535874462
0.23993868358325710162
0.42272750909549610093
0.23248656488054909741
0.22593401474994654395
0.40538376325128755906
0.41015344233796413611
0.42245556704801195792
0.38783401493386812582
0.40313669054127306349
0.23596818289692416345
0.23332421210715295341
0.23038936846421619194
0.42000877774440211311
0.39164508565353291854
0.40822174173257775150
0.42384854917947794637
0.39693557999573591118
0.43640783907382144747
0.42313008462888280782
0.39185904008623039852
0.42954155729861955829
0.39372516662403275278
0.43621457539183921471
0.41452713648880279749
0.24014033402314213323
0.22771332961177229035
0.44400536071013300629
0.23555605559494822727
0.38599290797097368644
0.23855943583914424356
0.44400421990557461724
0.23020701663443489770
0.19345845365917106253
0.43160680226219318124
0.23161458902914227618
0.40797973972540877062
0.23588756795612607651
0.39483491100234164824
0.19762867897812008518
0.38776776020442301401
0.45493474035482782961
0.23163184807294872738
0.44707111802081313915
0.45088711714596404773
0.23262993179658090814
0.41701000472100304989
0.41109506696763243962
0.46132735844530912191
0.41943061242672396055
